0.161344346962251   0.866850843575898   -0.000000902054003   0.000001221787980	  -0.000000315548408   
0.243951187926914   1.080965388569223   0.000000894247720   -0.000000494781149	  -0.000000401053420   
0.128449705571037   0.943380206751206   -0.000000720179414   0.000001336228818	  -0.000000607561482   
0.209035186024826   1.069354024620807   0.000001030313399   -0.000000569033055	  -0.000000463416387   
0.325423152164668   1.197967767479248   0.000000932253294   -0.000000663503300	  -0.000000270152127   
0.181869408962228   0.963245443608240   -0.000000060646264   0.000000570293962	  -0.000000506457387   
0.223420561148917   1.073352939913702   0.000000963737409   -0.000000529674901	  -0.000000435920781   
0.203844582505670   0.880492512291675   -0.000000572805628   0.000000894484735	  -0.000000318535792   
0.231779920777139   1.178911628784306   0.000001336352676   -0.000001017643956	  -0.000000321385925   
0.188831729872505   1.203347713338508   0.000001636924980   -0.000001342060450	  -0.000000298192312   
0.179802819329695   0.907412196527333   -0.000000589101236   0.000000988398959	  -0.000000395082186   
0.026995661532026   1.124538095977077   0.000004000479010   -0.000003815612292	  -0.000000192725701   
0.175276674811385   1.030542178545555   0.000000873607130   -0.000000302114206	  -0.000000572688497   
0.263654707894691   1.033214754719983   0.000000514229341   -0.000000128080840	  -0.000000386403922   
0.189624952668580   0.912412921591796   -0.000000493819510   0.000000890794561	  -0.000000393178333   
0.260334852030252   1.086335421270013   0.000000842425434   -0.000000466200339	  -0.000000377624223   
0.297587811719709   1.132908266151873   0.000000873623380   -0.000000556077796	  -0.000000318959242   
0.190032132196896   0.906153324767164   -0.000000530398529   0.000000914120862	  -0.000000379951599   
0.180905069645789   0.971959928036087   0.000000045029117   0.000000480491107	  -0.000000522694306   
0.300611370529052   1.069764705253080   0.000000609276480   -0.000000271336878	  -0.000000338617742   
0.258422913799428   1.021733288785762   0.000000450730064   -0.000000057717797	  -0.000000393010067   
0.236503030297667   0.884887623696229   -0.000000407161260   0.000000709871662	  -0.000000300328234   
0.130670922058406   0.930479243334279   -0.000000867648815   0.000001423451975	  -0.000000547657924   
0.238181799789593   1.011572388120094   0.000000419105111   0.000000005102709	  -0.000000423936950   
0.176569465281632   0.935918590057363   -0.000000383672832   0.000000852675117	  -0.000000464735804   
0.111793290942443   1.028239571594265   0.000001604067638   -0.000000737512690	  -0.000000871668583   
0.231379175185652   1.059355699863343   0.000000818480765   -0.000000388478516	  -0.000000431296417   
0.157634327740730   1.047369374710010   0.000001271697067   -0.000000661445787	  -0.000000613552258   
0.186889263842286   1.066555176098925   0.000001185333381   -0.000000678357684	  -0.000000509821904   
0.128182975171174   0.912321356074464   -0.000001075765983   0.000001561138037	  -0.000000477584576   
0.225658696169187   0.907732611020237   -0.000000347888162   0.000000692841800	  -0.000000342334660   
0.195180969766965   0.931393551031053   -0.000000325125711   0.000000750360378	  -0.000000421794433   
0.183204360504174   0.907833147530149   -0.000000563447383   0.000000959290424	  -0.000000391778906   
0.215821180864307   0.855004856427585   -0.000000587292729   0.000000860382542	  -0.000000270472806   
0.215606942296736   1.017335395133067   0.000000527593209   -0.000000058163794	  -0.000000469387417   
0.230045750849461   1.154158664499926   0.000001295142661   -0.000000948860984	  -0.000000349009418   
0.337159035778162   1.206846197106948   0.000000908331548   -0.000000648213271	  -0.000000261434724   
0.260984796511358   1.031654247268953   0.000000511128988   -0.000000121168154	  -0.000000390192077   
0.242364945456127   0.906345506157711   -0.000000295964506   0.000000621616793	  -0.000000323415031   
0.171926256668544   1.035488253421253   0.000000966201355   -0.000000387667355	  -0.000000580202935   
0.174895031929195   0.964336893022251   -0.000000068276716   0.000000598511383	  -0.000000526762989   
0.204848382499526   1.029730375398506   0.000000693537304   -0.000000200579926	  -0.000000493560808   
0.217197076524640   0.921650491700537   -0.000000300984369   0.000000676853153	  -0.000000373095026   
0.247893653674751   0.855369066090946   -0.000000454305859   0.000000711862211	  -0.000000255483343   
0.181208546021657   0.952691257533406   -0.000000185040271   0.000000677968717	  -0.000000489314246   
0.121618047348174   1.116017869678129   0.000002404551807   -0.000001924507232	  -0.000000488367583   
0.215211465255823   1.008129556745596   0.000000438664912   0.000000029730173	  -0.000000467961634   
0.273090500719023   1.202379750001202   0.000001152901961   -0.000000868692141	  -0.000000286193963   
0.184200049978027   0.861690118999406   -0.000000747148299   0.000001046427618	  -0.000000295864530   
0.173373505689151   0.891926194891225   -0.000000721387814   0.000001092174627	  -0.000000366460330   
0.236202182632855   1.005543561655406   0.000000373779256   0.000000052212824	  -0.000000425526799   
0.295335910470072   0.989937287472839   0.000000212098368   0.000000123014910	  -0.000000334549796   
0.180317528313547   0.982512264209338   0.000000183014869   0.000000357683424	  -0.000000538437343   
0.282345753687366   1.011484393807288   0.000000343347128   0.000000014653394	  -0.000000357766826   
0.190052340788556   0.938511539468634   -0.000000288414571   0.000000736023340	  -0.000000444059569   
0.249237193207575   1.051784615546428   0.000000684492029   -0.000000279555380	  -0.000000405761580   
0.228282896576172   0.913654196505090   -0.000000306710125   0.000000657176723	  -0.000000347940825   
0.186636331502727   1.042684370057024   0.000000942211705   -0.000000410610222	  -0.000000533270756   
0.214618452579705   1.087633928522874   0.000001119018732   -0.000000684329708	  -0.000000437151799   
0.227936182744757   1.024354016748188   0.000000552707890   -0.000000107840867	  -0.000000445048320   
0.245310922661978   1.104481766110523   0.000001012717171   -0.000000631371287	  -0.000000383316833   
0.183406582758419   0.959389981474179   -0.000000101191417   0.000000600597668	  -0.000000496130707   
0.102708870077291   0.920132499079867   -0.000001467538045   0.000002026380188	  -0.000000547504592   
0.167644719042846   0.876129330707282   -0.000000827493252   0.000001165735272	  -0.000000334018094   
0.319817654154793   1.092676445392402   0.000000649408609   -0.000000334008204	  -0.000000316208399   
0.182916101722941   0.944853618553146   -0.000000260945253   0.000000735123573	  -0.000000470427909   
0.263274920920400   0.986029927980374   0.000000204172411   0.000000169698841	  -0.000000373055694   
0.188964981578476   0.922459868383426   -0.000000426990185   0.000000845285065	  -0.000000414501727   
0.180950606274374   0.831880315715217   -0.000000807015484   0.000001053782824	  -0.000000243885599   
0.115444344975801   0.993582450949318   0.000000422721370   0.000000437701693	  -0.000000855897753   
0.231605408270669   1.083995564290151   0.000000982591213   -0.000000568627882	  -0.000000415879729   
0.181231384214204   0.975925860864202   0.000000096641162   0.000000433382023	  -0.000000527417641   
0.068734785083898   0.888138116134716   -0.000002227320261   0.000002580906216	  -0.000000344895279   
0.217923630662208   1.223005217340257   0.000001455266777   -0.000001181272909	  -0.000000276651281   
0.214427943379107   1.032248474594817   0.000000674909644   -0.000000203575148	  -0.000000471935347   
0.155981374470494   0.991352432729302   0.000000325181644   0.000000309684185	  -0.000000632450719   
0.180915496932569   1.085432197392358   0.000001401235471   -0.000000910302099	  -0.000000494726664   
0.235057904672242   1.200843472455052   0.000001346269540   -0.000001051040861	  -0.000000297770499   
0.221306456492581   1.032559705183553   0.000000648691551   -0.000000191452338	  -0.000000457777144   
0.233264549864414   1.080368621773749   0.000000950281559   -0.000000535931302	  -0.000000416147889   
0.146830832249506   1.080226242584247   0.000001802971986   -0.000001236049228	  -0.000000573027247   
0.149770894804561   0.955201982235154   -0.000000322260385   0.000000908719578	  -0.000000580817066   
0.230629407766383   1.025210962785867   0.000000551383090   -0.000000111583215	  -0.000000439997072   
0.230484874369015   1.029129510803287   0.000000584692091   -0.000000144690398	  -0.000000440335395   
0.225860744134497   1.030029479443702   0.000000608846621   -0.000000160187516	  -0.000000449060159   
0.262588533774974   1.067797677967170   0.000000730525236   -0.000000348965409	  -0.000000382581733   
0.187567696485957   0.942683877560447   -0.000000260979185   0.000000721265006	  -0.000000456707574   
0.239073117820073   1.022326590407919   0.000000502916948   -0.000000078504646	  -0.000000424477890   
0.212132270709972   0.981003841611044   0.000000173827009   0.000000285572142	  -0.000000457835426   
0.211055047909754   1.033317248028172   0.000000700329842   -0.000000222037620	  -0.000000478980790   
0.223979283288623   1.033768032791122   0.000000648459621   -0.000000196636731	  -0.000000452378790   
0.122409648610300   0.834654870211168   -0.000001231652154   0.000001472916033	  -0.000000237518765   
0.183698768533435   1.092209813505174   0.000001419587745   -0.000000944377659	  -0.000000479025422   
0.197560804050699   1.049839007188248   0.000000939905974   -0.000000439706070	  -0.000000501916995   
0.229686306777236   1.344476353349897   0.000001335894165   -0.000001155931322	  -0.000000181583940   
0.285614458665421   1.081717247765172   0.000000714751957   -0.000000364410391	  -0.000000351331170   
0.261415707940385   1.152199837539823   0.000001103295885   -0.000000774022293	  -0.000000331354688   
0.279045573528425   1.082558041349387   0.000000743503043   -0.000000386505782	  -0.000000358074709   
0.130319922019842   1.027135903432791   0.000001259022650   -0.000000502073173	  -0.000000759812243   
0.175124248922752   0.907920517006259   -0.000000619272839   0.000001025842514	  -0.000000402128212   
0.195552614285318   0.925574550402162   -0.000000368632420   0.000000782538748	  -0.000000410416958   
0.255256647168388   1.222973807569963   0.000001261943935   -0.000000990247815	  -0.000000273862496   
0.263622315188347   1.131280586998871   0.000001024088055   -0.000000680073766	  -0.000000345922303   
0.191507187907706   0.818994782184243   -0.000000754392485   0.000000980280681	  -0.000000223395930   
0.206797647293563   1.084396403274010   0.000001157214195   -0.000000707347867	  -0.000000452509937   
0.221259382476277   0.893356465310075   -0.000000434896069   0.000000762803988	  -0.000000325163852   
0.345485891667777   1.138732977365405   0.000000725353443   -0.000000441378591	  -0.000000284953965   
0.289667076728863   1.073461246975523   0.000000661025143   -0.000000312560827	  -0.000000349289391   
0.289836391868154   1.199033578935378   0.000001072748384   -0.000000791593900	  -0.000000282931212   
0.209941610014344   1.125915650903097   0.000001351661723   -0.000000957113994	  -0.000000397724963   
0.127587184262214   1.107172039034457   0.000002286968636   -0.000001778387590	  -0.000000516674013   
0.241445546374278   1.134580539901496   0.000001161817304   -0.000000803159755	  -0.000000361036803   
0.242016957968999   0.988918182843061   0.000000234707559   0.000000173533828	  -0.000000407321766   
0.180749933452178   1.008300328302587   0.000000537745493   0.000000019831327	  -0.000000557055987   
0.216426121624680   0.870488692351886   -0.000000542857283   0.000000839195685	  -0.000000293590966   
0.180153423692040   1.061461823994769   0.000001199480327   -0.000000671128363	  -0.000000531279964   
0.258001143885522   0.931502868097331   -0.000000128693232   0.000000466284207	  -0.000000335833678   
0.187860627253495   1.087659953991984   0.000001346617004   -0.000000870823767	  -0.000000479295614   
0.197784366941287   1.073153665946581   0.000001147051468   -0.000000669314516	  -0.000000480381712   
0.186017837083231   0.987985113040317   0.000000255087723   0.000000274680932	  -0.000000527988031   
0.139850994406939   1.019329546184293   0.000000972636555   -0.000000255968045	  -0.000000717743061   
0.213716925382620   1.185682644925990   0.000001461575343   -0.000001145512109	  -0.000000319076693   
0.120639286325030   1.017907020301138   0.000001152573027   -0.000000325020486	  -0.000000829230815   
0.311586201525264   1.256188297601057   0.000001062315323   -0.000000821790699	  -0.000000242058855   
0.288961861081162   1.145760171772365   0.000000950817785   -0.000000634604113	  -0.000000317829545   
0.093090990182685   1.042067211250991   0.000002547715569   -0.000001616593420	  -0.000000944427814   
0.173089359140695   1.016785088236610   0.000000691884620   -0.000000108956544	  -0.000000583080059   
0.292146628655118   1.167909127326621   0.000000997615741   -0.000000697024443	  -0.000000302273246   
0.131435055043750   1.041903265533215   0.000001554483289   -0.000000833724413	  -0.000000725764483   
0.230251753719508   1.229386265788393   0.000001390257584   -0.000001122406715	  -0.000000270297248   
0.181863760613245   0.906630643209110   -0.000000579870693   0.000000974792241	  -0.000000390803771   
0.129995248215470   1.305435310458625   0.000001722664105   -0.000001569042996	  -0.000000155696080   
0.153810326828877   0.944728650313414   -0.000000440634013   0.000000985489783	  -0.000000539198081   
0.197266911280459   1.069116225763135   0.000001118211299   -0.000000635031383	  -0.000000485704222   
0.221657592256503   1.152306052487541   0.000001347532374   -0.000000994359376	  -0.000000356102945   
0.126147900828377   0.973416008799681   -0.000000131146481   0.000000871755921	  -0.000000733712854   
0.200065361470720   0.871486276269865   -0.000000624593823   0.000000933141935	  -0.000000305396124   
0.243551466831928   1.046839800011725   0.000000672763001   -0.000000257843711	  -0.000000415678895   
0.170145786021991   0.936085925199246   -0.000000422299481   0.000000905107134	  -0.000000478165441   
0.313227584025691   1.013701185219426   0.000000315409584   0.000000007882623	  -0.000000323115220   
0.165782797802821   0.847023348198593   -0.000000895286335   0.000001171289388	  -0.000000272490296   
0.152007628588467   0.976022065906866   0.000000040534574   0.000000587210359	  -0.000000623671413   
0.340947084228890   1.011928614507818   0.000000278727269   0.000000017942037	  -0.000000296487485   
0.159891073918979   0.918122732810677   -0.000000668176116   0.000001123638762	  -0.000000450074652   
0.183114748673601   1.103034447765804   0.000001491378493   -0.000001033642852	  -0.000000461775794   
0.212474900391691   1.053498774780925   0.000000877344937   -0.000000410569142	  -0.000000468264050   
0.176961716182069   0.931411768760263   -0.000000423717374   0.000000881907702	  -0.000000453883335   
0.143649529386810   0.831839488252347   -0.000001055502200   0.000001299737276	  -0.000000240813262   
0.183547215809842   0.995883019596986   0.000000361402416   0.000000181787063	  -0.000000541845963   
0.142382143607792   0.824242624058818   -0.000001054567067   0.000001283861267	  -0.000000226109595   
0.148338048472058   1.078979113122328   0.000001768261436   -0.000001201145669	  -0.000000573036957   
0.130195323179763   1.097999773812047   0.000002209476006   -0.000001671184062	  -0.000000546307820   
0.177574780249998   0.932131505112741   -0.000000413344508   0.000000871962900	  -0.000000454353606   
0.197580992337135   0.978404652509804   0.000000141653050   0.000000348419039	  -0.000000488087802   
0.230606553733879   1.024116929574551   0.000000542240313   -0.000000102424335	  -0.000000439975315   
0.057914001902498   0.927143230649130   -0.000002910000032   0.000003529426124	  -0.000000599061680   
0.220361146956289   0.958000308476099   -0.000000025514477   0.000000445537934	  -0.000000417931484   
0.220647233813057   0.903377457299606   -0.000000390313006   0.000000734160614	  -0.000000341086342   
0.275870675777158   1.089945579017240   0.000000791918137   -0.000000434529494	  -0.000000358617708   
0.097994253711538   1.048975622855501   0.000002534895700   -0.000001677291050	  -0.000000870411116   
0.269698519132191   1.078720723519564   0.000000761418289   -0.000000392553211	  -0.000000369997411   
0.184185596266894   1.034216002217359   0.000000859794172   -0.000000316248538	  -0.000000544769807   
0.160055872761213   1.165959123805038   0.000001885761255   -0.000001534984713	  -0.000000355441996   
0.239665102844296   1.153544901158505   0.000001231990754   -0.000000890670741	  -0.000000343830726   
0.263849401489993   1.237741715485263   0.000001233844751   -0.000000975002026	  -0.000000260856220   
0.207633903594985   1.071786088645284   0.000001059308297   -0.000000597799642	  -0.000000463765719   
0.255428502039040   1.011930662511005   0.000000388710463   0.000000007029305	  -0.000000395492911   
0.287581349340667   1.010393922278479   0.000000330061187   0.000000021158061	  -0.000000350970838   
0.232178647342800   1.011226638136592   0.000000428956219   0.000000006096318	  -0.000000434765121   
0.215402332428144   0.993621940762247   0.000000295892663   0.000000165614369	  -0.000000460478011   
0.290888353820809   1.333964743311834   0.000001158910873   -0.000000961183311	  -0.000000199169485   
0.214987043076724   1.009106174115216   0.000000448805021   0.000000020360854	  -0.000000468773354   
0.158737512439210   0.879096148503954   -0.000000892896587   0.000001243576777	  -0.000000346042983   
0.270900893938223   1.030476337687096   0.000000478752148   -0.000000102746540	  -0.000000376169675   
0.251174219176214   1.065534642662302   0.000000765401757   -0.000000367859547	  -0.000000398671364   
0.198209825523837   0.908256964060272   -0.000000470927849   0.000000848678242	  -0.000000374289124   
0.187149287457187   1.061358177605555   0.000001134172079   -0.000000621538156	  -0.000000515244775   
0.202161948626786   1.122273996462593   0.000001401840355   -0.000000995260520	  -0.000000410000681   
0.221433188559476   0.907862818296704   -0.000000363938307   0.000000713745395	  -0.000000347077138   
0.187004283050036   0.926465506299502   -0.000000406836261   0.000000836431065	  -0.000000425743390   
0.106386287060607   1.029747341192365   0.000001771231688   -0.000000871443485	  -0.000000906215644   
0.186401805236094   0.947332123274435   -0.000000220270503   0.000000691578688	  -0.000000467787023   
0.135231278532353   0.975673531830861   -0.000000027139754   0.000000727587136	  -0.000000694914973   
0.125845513654096   1.040312093628088   0.000001623086191   -0.000000872066558	  -0.000000756489771   
0.200114722716355   0.967307895070309   0.000000025398183   0.000000446084297	  -0.000000469122290   
0.116780196888135   1.152201165105818   0.000002399704549   -0.000002034736195	  -0.000000371683000   
0.174845207849390   0.837393295159364   -0.000000841088036   0.000001097935237	  -0.000000253745644   
0.127579216357436   0.907455838661612   -0.000001117143848   0.000001583621882	  -0.000000458883618   
0.128055632643359   1.244466789537021   0.000001933999488   -0.000001725242660	  -0.000000211912883   
0.203773427488967   1.069626251195307   0.000001071179440   -0.000000600692249	  -0.000000472799777   
0.233864520544285   1.027573918529829   0.000000560576159   -0.000000126708894	  -0.000000434126215   
0.230961012569307   1.045351530812782   0.000000714396501   -0.000000278116571	  -0.000000437151806   
0.219921739808871   1.000258066581178   0.000000353799556   0.000000101623886	  -0.000000454693758   
0.264694588271201   0.829371013317210   -0.000000449187064   0.000000670615225	  -0.000000219708194   
0.279067465227936   1.207258521132457   0.000001133056247   -0.000000854235319	  -0.000000280727084   
0.155598367766118   0.943924289720570   -0.000000437024551   0.000000974790471	  -0.000000532237323   
0.227448819681529   0.858226183794287   -0.000000527160992   0.000000799046329	  -0.000000269456172   
0.208004516306012   0.993905372257318   0.000000306464214   0.000000171628842	  -0.000000476990737   
0.149687995076027   0.978531986742849   0.000000080876173   0.000000560969139	  -0.000000637837695   
0.198084817319913   1.043468824281937   0.000000872469118   -0.000000369264789	  -0.000000504603931   
0.266952537368754   0.912936029659466   -0.000000199235325   0.000000508596363	  -0.000000307602608   
0.216722007603201   0.932450489210149   -0.000000230816622   0.000000623409804	  -0.000000389920029   
0.166070315995251   1.033238240973889   0.000000982995704   -0.000000383854722	  -0.000000600836138   
0.174104760760887   0.984482585487545   0.000000208495444   0.000000353475324	  -0.000000559633495   
0.164181853016840   0.930061253834177   -0.000000525212566   0.000001005335018	  -0.000000475023065   
0.169007194487319   0.843433448883716   -0.000000875486268   0.000001144095651	  -0.000000265255391   
0.211257073741573   1.091626785901422   0.000001169369545   -0.000000734141061	  -0.000000437888145   
0.294407982717827   1.028700750951548   0.000000419117101   -0.000000072678893	  -0.000000346503358   
0.248375608807305   0.987321800756486   0.000000219456889   0.000000177474885	  -0.000000396026628   
0.226321125846616   1.013910856957456   0.000000465900321   -0.000000019032244	  -0.000000446673766   
0.140997731945651   1.059838480615554   0.000001678566050   -0.000001040889932	  -0.000000643376025   
0.221472259920642   0.924484415041731   -0.000000267403297   0.000000641744159	  -0.000000371714795   
0.187297391195317   0.870733514620051   -0.000000703569071   0.000001018645724	  -0.000000311587112   
0.268105845014398   0.937046410971689   -0.000000081703824   0.000000413254358	  -0.000000330008784   
0.126258133623939   1.094148167356527   0.000002268064903   -0.000001711175357	  -0.000000565405346   
0.339832501797054   1.063345625608765   0.000000485596804   -0.000000182982152	  -0.000000302990350   
0.200373731517221   0.964717390863933   -0.000000000683618   0.000000468323068	  -0.000000465195422   
0.130290921925026   1.050411341081168   0.000001728163253   -0.000001025954406	  -0.000000708367671   
0.187519478516180   1.049347673019068   0.000001008854112   -0.000000484856130	  -0.000000526005857   
0.122522633999464   0.824929365423086   -0.000001204492609   0.000001425686872	  -0.000000217852524   
0.245393630203656   1.107366980309908   0.000001025991119   -0.000000647003618	  -0.000000380997297   
0.150401767869472   1.135579054471456   0.000001986569069   -0.000001570232350	  -0.000000422070263   
0.265910659976128   1.006398682825404   0.000000334824591   0.000000043826374	  -0.000000378288570   
0.094657414538185   0.997569919675670   0.000000639433089   0.000000417477286	  -0.000001051337172   
0.207193611956393   0.994774449815121   0.000000316505344   0.000000163988280	  -0.000000479420226   
0.106570474930341   0.892206310218350   -0.000001503713367   0.000001917618196	  -0.000000405884866   
0.134799933662332   0.896454968825778   -0.000001078952456   0.000001497497374	  -0.000000412043366   
0.187073749776632   1.021111479845812   0.000000680453842   -0.000000140674695	  -0.000000540108305   
0.183885262272194   1.155791439746281   0.000001656513106   -0.000001290710336	  -0.000000369832096   
0.163185141193351   1.051132332304975   0.000001258343473   -0.000000671029447	  -0.000000590551739   
0.252964002111387   1.053586460992542   0.000000681785555   -0.000000282791432	  -0.000000399820485   
0.205504784741736   0.847907449206104   -0.000000652780217   0.000000919463724	  -0.000000263955410   
0.253379617361810   1.059939583443744   0.000000720868989   -0.000000324348474	  -0.000000397491659   
0.329773948388720   1.187121159959828   0.000000895511458   -0.000000623128850	  -0.000000273717876   
0.232863190011857   0.954670342783933   -0.000000030200325   0.000000425659565	  -0.000000393571596   
0.166264728536767   1.050818640261696   0.000001220686258   -0.000000641917029	  -0.000000581806542   
0.257695547520640   1.034834602385501   0.000000541403528   -0.000000146632331	  -0.000000395096789   
0.171263206476319   0.959511493508425   -0.000000144009029   0.000000675476078	  -0.000000527581363   
0.263284732271714   0.982435043850988   0.000000180883541   0.000000191003247	  -0.000000370997633   
0.247975861425385   1.110943235244452   0.000001027588082   -0.000000654082363	  -0.000000375507612   
0.165437216751525   0.874223689363845   -0.000000850797477   0.000001185848747	  -0.000000330797522   
0.235446376645397   1.023893580596807   0.000000525756952   -0.000000094814441	  -0.000000431072101   
0.176266721244213   0.969980086308828   0.000000009513931   0.000000526151080	  -0.000000532539905   
0.108828740453049   1.000990981071260   0.000000710224882   0.000000212228282	  -0.000000919517500   
0.212699353122544   1.209116740221268   0.000001483045596   -0.000001194122640	  -0.000000291776855   
0.178537863330688   0.973913720983458   0.000000066207014   0.000000468767167	  -0.000000532156100   
0.187785987266085   0.969243011515576   0.000000024758124   0.000000478673646	  -0.000000500740048   
0.198633957138995   1.064393689422694   0.000001066996009   -0.000000581599110	  -0.000000487696747   
0.153536460416518   1.095812353092656   0.000001813539264   -0.000001299680885	  -0.000000519682624   
0.222053759211392   1.003419654181450   0.000000379815094   0.000000072546170	  -0.000000451764989   
0.264083332139209   1.023535167644825   0.000000450223829   -0.000000065300709	  -0.000000384952052   
0.288119848211731   1.177383406664696   0.000001037437346   -0.000000741044223	  -0.000000298156859   
0.158327012999705   1.062240945989297   0.000001452611657   -0.000000870857949	  -0.000000586039999   
0.146302431471785   1.040513430947367   0.000001306903540   -0.000000645298244	  -0.000000665058948   
0.191653808207092   0.993570604617520   0.000000320899949   0.000000197742043	  -0.000000517292576   
0.230662397941469   1.065051197011040   0.000000863156470   -0.000000435030200	  -0.000000429595341   
0.133757899194923   0.982639704343366   0.000000129138236   0.000000595022725	  -0.000000719354463   
0.266842175993379   0.966815975280449   0.000000083929576   0.000000273234798	  -0.000000356019214   
0.251783102303655   1.132128446765056   0.000001091640282   -0.000000738933632	  -0.000000354846533   
0.152549595284119   0.997943238984453   0.000000455207234   0.000000200174824	  -0.000000653565307   
0.182690669811205   0.941102953839841   -0.000000299522374   0.000000766799507	  -0.000000463430799   
0.200176507779510   1.005169587186902   0.000000442720458   0.000000059819781	  -0.000000501910468   
0.070431916414192   0.900088388679768   -0.000002285629911   0.000002709433520	  -0.000000412832726   
0.113609386944713   0.895154172403113   -0.000001383251121   0.000001808949230	  -0.000000417863545   
0.208341528359835   0.945579980937107   -0.000000157445060   0.000000582848507	  -0.000000422690364   
0.121845592756727   0.848158435995844   -0.000001267374001   0.000001539928652	  -0.000000268165017   
0.290077144845891   1.204259224023526   0.000001080523517   -0.000000802962407	  -0.000000279337538   
0.196190714584684   1.025876714239990   0.000000693110860   -0.000000178434928	  -0.000000515187089   
0.190427913348173   1.044098546197184   0.000000930570049   -0.000000409519317	  -0.000000522686140   
0.160398774926938   0.934599528774918   -0.000000508336415   0.000001008664257	  -0.000000495005517   
0.170624325918315   0.962114805311259   -0.000000112358958   0.000000650636978	  -0.000000534474211   
0.167864898449755   0.814846503289943   -0.000000881760068   0.000001100716935	  -0.000000216278431   
0.289997903124345   1.059028108724062   0.000000588255378   -0.000000237303850	  -0.000000351546156   
0.213266154830454   1.066325442525059   0.000000977520756   -0.000000521170210	  -0.000000458266811   
0.173122156318435   1.308191634376136   0.000001569878798   -0.000001388922316	  -0.000000183022415   
0.211497188441592   1.168318474269538   0.000001453881231   -0.000001115721527	  -0.000000341317071   
0.287534177977576   1.140691783939288   0.000000941379574   -0.000000621156874	  -0.000000321825251   
0.109423617778979   1.031335052912645   0.000001746525345   -0.000000873546561	  -0.000000879255165   
0.135757851962913   0.886651374885954   -0.000001103637611   0.000001488677058	  -0.000000379069282   
0.187949109514714   0.982062626133669   0.000000180083727   0.000000338534163	  -0.000000516556318   
0.214635011992163   0.914733986209471   -0.000000353598988   0.000000722055231	  -0.000000365559759   
0.210949918800693   0.904727654357847   -0.000000426452224   0.000000783001737	  -0.000000353512124   
0.131911790640487   0.990760170648532   0.000000328052774   0.000000421157894	  -0.000000745472227   
0.197292745140513   1.105182421410478   0.000001365053434   -0.000000928632849	  -0.000000439848422   
0.184566617500206   0.916145227341438   -0.000000499276618   0.000000911174699	  -0.000000407882167   
0.227515478875995   0.923009898358150   -0.000000255878826   0.000000620254503	  -0.000000361897540   
0.186813983392725   1.050561420022860   0.000001027398531   -0.000000502781180	  -0.000000526714019   
0.162197254110025   0.903550501696416   -0.000000751090087   0.000001163029148	  -0.000000406875515   
0.109551547979852   1.023559263569581   0.000001505771430   -0.000000610554456	  -0.000000899391954   
0.202383219437880   1.040616294594310   0.000000817424862   -0.000000322532673	  -0.000000496058399   
0.242652668308067   1.032327330349907   0.000000569464450   -0.000000150989748	  -0.000000418826352   
0.205963625818212   1.035711326539067   0.000000748746296   -0.000000259941548	  -0.000000489675667   
0.216214273170950   1.178568440058599   0.000001436349140   -0.000001112348516	  -0.000000327001458   
0.284988466321762   1.020228061780931   0.000000389467610   -0.000000032932702	  -0.000000356464390   
0.228375406435140   1.246733558077836   0.000001400789883   -0.000001149040914	  -0.000000254090903   
0.222700573718241   1.138329842455150   0.000001299338991   -0.000000930401961	  -0.000000371802827   
0.195088172073506   1.181693674275592   0.000001589744935   -0.000001265514683	  -0.000000327687387   
0.125171533808377   0.805795928957808   -0.000001128986073   0.000001317760596	  -0.000000186100435   
0.190560482530763   0.941560184056185   -0.000000258266959   0.000000710492906	  -0.000000448758290   
0.199628343075466   1.020474806517977   0.000000617111605   -0.000000110534415	  -0.000000506761115   
0.381523925532858   1.166757673765220   0.000000696824305   -0.000000439955744	  -0.000000257739128   
0.211402764194638   0.922628383739597   -0.000000317681367   0.000000702969851	  -0.000000382344710   
0.202548735629699   0.900676948794714   -0.000000489822819   0.000000848617457	  -0.000000355494052   
0.178195686242538   0.905870949624517   -0.000000609960945   0.000001007807742	  -0.000000393567047   
0.334978028382363   1.229525329451312   0.000000951656874   -0.000000701851175	  -0.000000251166659   
0.246144421240119   0.945400296666613   -0.000000070602479   0.000000437058889	  -0.000000364664551   
0.157878710761472   1.111297562146538   0.000001830262700   -0.000001360008527	  -0.000000475828994   
0.299716455058127   1.050166451382544   0.000000517737571   -0.000000176612207	  -0.000000341518641   
0.144923165927867   1.116855471084053   0.000002029020617   -0.000001562116863	  -0.000000473332347   
0.218387045721036   0.874391095900592   -0.000000521070034   0.000000822120888	  -0.000000298318988   
0.141629685670946   0.940992257515705   -0.000000601131529   0.000001168197098	  -0.000000560164439   
0.167227799797536   1.085014110608508   0.000001554784214   -0.000001038854011	  -0.000000520529861   
0.279574729781571   0.988724584834547   0.000000213402823   0.000000140026677	  -0.000000352769296   
0.239874522178962   0.983676866084199   0.000000195032196   0.000000213642559	  -0.000000407592343   
0.153712662494624   0.833519486018544   -0.000000983264475   0.000001232778529	  -0.000000246173948   
0.192022794279254   0.990022552713751   0.000000277190719   0.000000237794499	  -0.000000513446781   
0.277497622445358   1.034844240419153   0.000000489293063   -0.000000121811860	  -0.000000367710163   
0.208685865171053   0.998673761245067   0.000000355409334   0.000000123796516	  -0.000000478322669   
0.231242676642558   0.977262044021746   0.000000143958455   0.000000275123546	  -0.000000417712661   
0.327871747173732   1.026613939774720   0.000000355254288   -0.000000043937183	  -0.000000311304107   
0.105297510462234   0.977093985693390   -0.000000195197987   0.000001083821634	  -0.000000878473112   
0.312451287995364   0.999220607925818   0.000000247375471   0.000000072701946	  -0.000000319702678   
0.201363191776593   0.929744766466710   -0.000000309947446   0.000000722047764	  -0.000000408881463   
0.258269541719161   1.008695967939607   0.000000361407667   0.000000029132529	  -0.000000390216252   
0.186850925750572   0.906132797385988   -0.000000550268900   0.000000937873160	  -0.000000383703739   
0.186166721660617   1.199868014518403   0.000001656671909   -0.000001357477058	  -0.000000302619792   
0.183468224701882   0.997717222993790   0.000000386167430   0.000000158445576	  -0.000000543387880   
0.108314950509724   1.081872895081049   0.000002616856148   -0.000001981292107	  -0.000000646986979   
0.224236887870566   0.879212085297640   -0.000000478014284   0.000000782131249	  -0.000000301489605   
0.164673277199318   1.047406673446879   0.000001193806471   -0.000000605632935	  -0.000000591058643   
0.195528539706376   0.998450404971484   0.000000374273926   0.000000137109255	  -0.000000510356768   
0.244978024699951   1.023535167644825   0.000000496362017   -0.000000081912700	  -0.000000414531368   
0.271808847523248   0.994260136233524   0.000000251445641   0.000000114561386	  -0.000000365410324   
0.183025688516516   0.950792675853859   -0.000000198299984   0.000000683474333	  -0.000000481590052   
0.296103896103896   1.123444030018425   0.000000847148108   -0.000000523741236	  -0.000000324760765   
0.058525788634038   0.940641743423033   -0.000002895801100   0.000003688367123	  -0.000000765193261   
0.233284291426118   1.065356420317199   0.000000851177383   -0.000000427334232	  -0.000000425268871   
0.150674613394424   1.077571111611583   0.000001719629343   -0.000001153883009	  -0.000000571403132   
0.206904414493912   1.022512661263028   0.000000609971179   -0.000000120901593	  -0.000000489304670   
0.238378904656488   1.087837433573927   0.000000965106262   -0.000000563004079	  -0.000000403942712   
0.185030750356026   0.986220526799557   0.000000232576876   0.000000298344576	  -0.000000529013855   
0.076659871555116   1.079731708265130   0.000003652577895   -0.000002977211234	  -0.000000694437178   
0.228395054095062   1.236599894394369   0.000001400893331   -0.000001139862823	  -0.000000263448047   
0.410799811725712   1.311102283022406   0.000000837619154   -0.000000634779900	  -0.000000203782958   
0.133402138342142   0.918216309725380   -0.000000956315643   0.000001457189057	  -0.000000493343462   
0.208130645914298   1.058650284406399   0.000000949013055   -0.000000477282361	  -0.000000473520516   
0.195048264301757   1.032170696261065   0.000000769811169   -0.000000253936903	  -0.000000516750540   
0.150358947088540   0.886289107506869   -0.000000947061378   0.000001322282010	  -0.000000369992219   
0.250220265311118   1.128119391131402   0.000001085793247   -0.000000728428246	  -0.000000359503473   
0.249284606562187   0.952587800017528   -0.000000020108276   0.000000389289209	  -0.000000367557694   
0.193498699997002   0.856674134009535   -0.000000701143609   0.000000987148238	  -0.000000282900636   
0.142595769668093   0.957912211177494   -0.000000331244771   0.000000950370149	  -0.000000612915352   
0.245030141683774   1.050598946459377   0.000000693291120   -0.000000281650076	  -0.000000412485349   
0.228479045133559   1.066079896291748   0.000000882541265   -0.000000451549042	  -0.000000432534831   
0.184310656501120   1.019000279206077   0.000000666741474   -0.000000118841893	  -0.000000548115682   
0.256188238922723   1.329446033132454   0.000001265045739   -0.000001069636028	  -0.000000197024691   
0.183602534020631   1.017515512023981   0.000000650628567   -0.000000100577942	  -0.000000550171201   
0.198271100486020   1.066300428012992   0.000001086287811   -0.000000602088004	  -0.000000486584393   
0.253125713393168   1.201504283362770   0.000001249404939   -0.000000958885473	  -0.000000292780198   
0.167519855917834   1.158962079919707   0.000001812933590   -0.000001449093388	  -0.000000368388983   
0.067618506549615   1.080081567759997   0.000004023860009   -0.000003360860351	  -0.000000684510138   
0.271851746158513   1.026518040541303   0.000000452149929   -0.000000077735240	  -0.000000374491069   
0.140939732886835   1.122229915731756   0.000002098073328   -0.000001643824734	  -0.000000460853779   
0.236823253339892   0.931564478701176   -0.000000176671307   0.000000540086114	  -0.000000361247794   
0.120639693638951   1.114526515700335   0.000002422006713   -0.000001936474329	  -0.000000494010793   
0.130828873683387   0.920306093806800   -0.000000972495607   0.000001486191419	  -0.000000505837601   
0.253786703497969   0.886504389083230   -0.000000341288397   0.000000632587397	  -0.000000289241044   
0.242256065940066   1.096369809922366   0.000000989487482   -0.000000598480181	  -0.000000392917812   
0.201478962823820   0.990730723352316   0.000000278380989   0.000000213029129	  -0.000000490072288   
0.238800438868921   1.043931781145966   0.000000670468967   -0.000000247173522	  -0.000000424025830   
0.238852715405116   0.997430618726161   0.000000304257674   0.000000113786711	  -0.000000417342570   
0.211046768754492   0.863784620487589   -0.000000588697364   0.000000877780186	  -0.000000286277401   
0.230602483883717   1.088754149514252   0.000001017331084   -0.000000605798516	  -0.000000413573338   
0.151041763470438   0.844832917393927   -0.000001006516354   0.000001278653024	  -0.000000268391871   
0.117946607951723   0.741350295428093   -0.000000949251119   0.000001057282826	  -0.000000106764409   
0.215276309579487   1.067780575362885   0.000000975426254   -0.000000523721718	  -0.000000453612350   
0.204293615785328   1.044777055024228   0.000000847084519   -0.000000358527574	  -0.000000489873343   
0.240542106174131   1.000491241199429   0.000000326543847   0.000000089879820	  -0.000000415821934   
0.213924617143173   0.987953878361143   0.000000241567889   0.000000219424201	  -0.000000459722166   
0.136305051859003   0.937352074125802   -0.000000709256369   0.000001277920542	  -0.000000561136085   
0.258849955899004   1.017324010576100   0.000000419674857   -0.000000027992614	  -0.000000391570441   
0.230437198124848   1.076683556242719   0.000000943468306   -0.000000522452219	  -0.000000422791914   
0.183577652885686   1.083296862338968   0.000001357649628   -0.000000867915534	  -0.000000493328838   
0.177988234906407   1.029857632480886   0.000000845778591   -0.000000282158019	  -0.000000564698932   
0.128409554663214   1.007663279238610   0.000000787674093   -0.000000003853033	  -0.000000783060356   
0.118589684547922   0.837320373846801   -0.000001272348358   0.000001517203693	  -0.000000240962634   
0.120633630462130   0.901118468242783   -0.000001253184508   0.000001700282388	  -0.000000439321621   
0.289300582336872   1.022361081576235   0.000000394011846   -0.000000042391141	  -0.000000351584606   
0.159387315157097   0.859884414337025   -0.000000929907520   0.000001234314027	  -0.000000300371699   
0.235106770107066   1.036753964806350   0.000000629805562   -0.000000198873605	  -0.000000431480246   
0.231888297226121   0.934532275941214   -0.000000171117723   0.000000544772892	  -0.000000371411251   
0.269797436993965   1.105029763976693   0.000000888098935   -0.000000532194857	  -0.000000357430030   
0.191453613637798   1.126867218981853   0.000001515624504   -0.000001106554878	  -0.000000412923787   
0.186043568268253   0.885066189674995   -0.000000661420219   0.000001005992346	  -0.000000340830343   
0.212983227240119   0.909240520485643   -0.000000392443588   0.000000754086350	  -0.000000358674779   
0.162714942226738   1.162556834497247   0.000001860598959   -0.000001503257695	  -0.000000361989368   
0.236529254080693   1.122071253768757   0.000001145139095   -0.000000770351392	  -0.000000377176858   
0.162416388347069   0.926188345957281   -0.000000576159813   0.000001049413944	  -0.000000468016098   
0.206040852773747   1.116196004018306   0.000001342935445   -0.000000931746299	  -0.000000414417850   
0.138979669426566   0.960076191646569   -0.000000321199392   0.000000960620853	  -0.000000632942285   
0.241644066434910   1.085679668042585   0.000000934191178   -0.000000534766416	  -0.000000401153004   
0.148293133233447   1.023424131522282   0.000000976785772   -0.000000302189085	  -0.000000675934381   
0.161482977579237   0.965455052757291   -0.000000100962680   0.000000673689212	  -0.000000568542238   
0.148942398081625   0.938172552448537   -0.000000565659718   0.000001103797767	  -0.000000531920309   
0.197157593709644   1.112313645752575   0.000001402256613   -0.000000976129764	  -0.000000429650880   
0.225093234137350   0.951611506505692   -0.000000067181265   0.000000471749903	  -0.000000402446696   
0.217214509323533   1.134249807177533   0.000001325756587   -0.000000947806496	  -0.000000380950936   
0.178608531987026   0.905750337165563   -0.000000607776170   0.000001004828617	  -0.000000392792667   
0.247840636775136   1.008576938283160   0.000000377649120   0.000000029272101	  -0.000000406575420   
0.156457997792929   1.051988205108244   0.000001349125114   -0.000000742808861	  -0.000000610056457   
0.279419758555000   0.986536733201992   0.000000200778881   0.000000151819271	  -0.000000351898628   
0.203745346889221   1.002555514005199   0.000000405719105   0.000000086973671	  -0.000000491952331   
0.093963495551920   0.877679555683502   -0.000001694178431   0.000002040622858	  -0.000000339385621   
0.099754467315933   1.068927662458298   0.000002773022816   -0.000002047606386	  -0.000000738928252   
0.263289369299023   1.134946243271187   0.000001038749667   -0.000000697217798	  -0.000000343474838   
0.239217740694252   0.955979989426861   -0.000000011225609   0.000000398199861	  -0.000000385236249   
0.115105567048952   0.901050264187938   -0.000001340589983   0.000001791009945	  -0.000000442212552   
0.133539028805326   0.955242129998901   -0.000000458513234   0.000001102877942	  -0.000000636944709   
0.270354635665540   1.193697753341459   0.000001151715392   -0.000000859933753	  -0.000000293805570   
0.099635542323289   0.968529568723468   -0.000000574095339   0.000001460521924	  -0.000000873154513   
0.115715227822290   0.947522418380419   -0.000000836502176   0.000001517006082	  -0.000000669966088   
0.200779663471787   1.019967911809494   0.000000606867513   -0.000000103134881	  -0.000000503881966   
0.225753959524249   1.105471975732679   0.000001141078063   -0.000000738891301	  -0.000000404652315   
0.123461565697695   0.885175087632334   -0.000001261042162   0.000001645608219	  -0.000000378043314   
0.104691863437221   1.056202655715958   0.000002450857053   -0.000001666921167	  -0.000000795593201   
0.158215492778527   1.034520928875652   0.000001074198616   -0.000000449040067	  -0.000000627293081   
0.233044648035388   1.143912156697663   0.000001246271341   -0.000000890832660	  -0.000000358065742   
0.249150138667115   1.050508446087907   0.000000676227699   -0.000000270832806	  -0.000000406188381   
0.201068920597819   1.116249580011095   0.000001385622080   -0.000000969381948	  -0.000000419651665   
0.106104776693416   0.881276228983765   -0.000001511195688   0.000001879976150	  -0.000000361755421   
0.218720896190761   1.020067793705570   0.000000543832840   -0.000000080756851	  -0.000000463136926   
0.178930188234745   1.061194862967907   0.000001208618402   -0.000000677058395	  -0.000000534534120   
0.205959852440952   0.998099618326706   0.000000353515030   0.000000131743421	  -0.000000484323580   
0.219708661409770   0.959170969347773   -0.000000016952253   0.000000439472554	  -0.000000420441564   
0.297504005792476   1.340851038153916   0.000001139587522   -0.000000944796315	  -0.000000196179459   
0.255077001041696   1.126157831020018   0.000001050926400   -0.000000696030277	  -0.000000356919183   
0.128392293513118   1.010024493093957   0.000000851161263   -0.000000067398991	  -0.000000783475106   
0.046163592384776   1.028417224754414   0.000005571395964   -0.000003953177247	  -0.000001678437379   
0.240060014195748   1.077067403955207   0.000000891556223   -0.000000484465376	  -0.000000408670455   
0.221925528092437   0.945554946197924   -0.000000120173009   0.000000522525108	  -0.000000400032566   
0.202399126483173   0.845775394194767   -0.000000672558832   0.000000937027105	  -0.000000261712135   
0.206467249929951   0.924738322173283   -0.000000324143325   0.000000719933570	  -0.000000392701237   
0.187422700995898   0.924352814377014   -0.000000421190870   0.000000845792998	  -0.000000420752661   
0.110653531668390   0.854401449064858   -0.000001399215559   0.000001681759420	  -0.000000277651805   
0.242852109898777   1.051662942027080   0.000000709760894   -0.000000295046145	  -0.000000415615038   
0.176582103360916   1.080819347530976   0.000001412406286   -0.000000905934880	  -0.000000510367245   
0.243477811977725   0.921831457867232   -0.000000214611050   0.000000558167629	  -0.000000341436721   
0.177171344094767   0.956855390444842   -0.000000153299175   0.000000663932443	  -0.000000506960348   
0.271418981574219   0.977132175692274   0.000000146978310   0.000000210857173	  -0.000000356913247   
0.241943342859524   0.980396962730209   0.000000169615681   0.000000233431218	  -0.000000401902319   
0.227672146469148   1.007131498138317   0.000000402869405   0.000000039612617	  -0.000000442043898   
0.238957608830259   1.015065603689967   0.000000445460799   -0.000000021857356	  -0.000000423442104   
0.139422164553893   0.908003780927744   -0.000000958069981   0.000001412235000	  -0.000000447505781   
0.217797209224064   0.914468817070572   -0.000000342082430   0.000000706209950	  -0.000000361323082   
0.099859608291118   0.889681298365300   -0.000001619603000   0.000002020825803	  -0.000000393090204   
0.189926673527623   0.974567681776364   0.000000090826305   0.000000414040468	  -0.000000502490020   
0.271465376548638   1.140486234901388   0.000001015743710   -0.000000684232364	  -0.000000333354470   
0.242114163572483   1.050359485533924   0.000000703662912   -0.000000287402297	  -0.000000417134738   
0.165385052696921   1.024335129675706   0.000000853779862   -0.000000246527121	  -0.000000608183069   
0.230789767907210   0.911204074175657   -0.000000310856934   0.000000655083306	  -0.000000341749872   
0.236668287370735   0.947780156705971   -0.000000072225054   0.000000454524181	  -0.000000380361456   
0.316552780191802   1.018814446381324   0.000000335356368   -0.000000014369876	  -0.000000320879763   
0.156224249221754   0.953732527620094   -0.000000300549881   0.000000862777198	  -0.000000557072557   
0.187427923188020   0.989896130199058   0.000000278803530   0.000000248654488	  -0.000000525820020   
0.260692039053384   1.049370797269957   0.000000626489176   -0.000000237520795	  -0.000000389616719   
0.310736889517907   1.103970872832491   0.000000721366845   -0.000000401658761	  -0.000000320713425   
0.086617542145878   0.961466351562094   -0.000001125064463   0.000002054287380	  -0.000000910184852   
0.237519150509800   1.124021118108767   0.000001146730459   -0.000000774709479	  -0.000000374405131   
0.213417174691163   1.065599362345341   0.000000970844165   -0.000000514191424	  -0.000000458541386   
0.152547198718650   0.903886985202466   -0.000000839848420   0.000001264403282	  -0.000000418920242   
0.234479321507136   0.963987360197733   0.000000041378144   0.000000360739982	  -0.000000400463121   
0.145330868421456   1.095191888570797   0.000001934341272   -0.000001406861974	  -0.000000533995545   
0.184863756126342   1.064987678092564   0.000001189396497   -0.000000676131651	  -0.000000516135139   
0.156666990655244   1.068094210181715   0.000001539487722   -0.000000965493013	  -0.000000578728415   
0.204173750459353   1.009566653609605   0.000000481318797   0.000000012761373	  -0.000000493688399   
0.209825612975443   1.000327106963977   0.000000370745559   0.000000106659258	  -0.000000476604972   
0.113375873965744   1.017718478714418   0.000001250147380   -0.000000371658081	  -0.000000880608790   
0.319078278912074   1.336912694253414   0.000001079706194   -0.000000881663563	  -0.000000199350254   
0.186292155313240   1.001581497184054   0.000000431615105   0.000000106844848	  -0.000000537519956   
0.192852177906103   1.048405951171541   0.000000958792367   -0.000000446753445	  -0.000000513825539   
0.153960942481930   1.078996576343863   0.000001683541950   -0.000001128364433	  -0.000000560595073   
0.215448227588621   0.999950002499875   0.000000357789704   0.000000106962517	  -0.000000463978772   
0.178202368630756   0.915943834324079   -0.000000542342280   0.000000963255750	  -0.000000416592122   
0.171527595917272   1.077691885734485   0.000001443582051   -0.000000921810123	  -0.000000525863194   
0.213385704520846   1.008172244211579   0.000000443343229   0.000000029066868	  -0.000000471973733   
0.210771111883837   1.136361053724878   0.000001382272284   -0.000001002127062	  -0.000000383348700   
0.158116957581611   0.967727263489876   -0.000000079330161   0.000000667969946	  -0.000000584368425   
0.300785049210801   1.106482326711037   0.000000765909950   -0.000000438808447	  -0.000000328235305   
0.243223930718323   1.068106759406816   0.000000818784857   -0.000000411199911	  -0.000000408899457   
0.238708598734703   1.078684651935430   0.000000908876256   -0.000000500937878	  -0.000000409581105   
0.162928810133731   0.928813848986014   -0.000000547152194   0.000001026485079	  -0.000000474140242   
0.258503525833580   1.016529790930318   0.000000414920085   -0.000000022865556	  -0.000000391923358   
0.323774437576971   0.959889113609596   0.000000070982110   0.000000221239214	  -0.000000291449672   
0.159591962141136   0.966181707861434   -0.000000097594822   0.000000678037206	  -0.000000576175139   
0.258896489013289   1.128172845105253   0.000001037712102   -0.000000687564153	  -0.000000352115894   
0.242785142959090   1.061945399015364   0.000000780520631   -0.000000369464387	  -0.000000412226960   
0.215651719579011   1.443326347633811   0.000001263907913   -0.000001136024239	  -0.000000128984020   
0.191316098352680   0.887851877895507   -0.000000615958159   0.000000961614880	  -0.000000342061605   
0.133799339375228   1.037413272250440   0.000001428323017   -0.000000707941100	  -0.000000724531049   
